
Output in the output buffer 
698 	948 	923 	777 	773 	
698 	948 	923 	777 	773 	
698 	948 	923 	777 	773 	
698 	948 	923 	777 	773 	
698 	948 	923 	777 	773 	

Output in the output buffer 
948 	734 	564 	929 	819 	
948 	734 	564 	929 	819 	
948 	734 	564 	929 	819 	
948 	734 	564 	929 	819 	
948 	734 	564 	929 	819 	

Output in the output buffer 
738 	1008 	720 	1045 	662 	
738 	1008 	720 	1045 	662 	
738 	1008 	720 	1045 	662 	
738 	1008 	720 	1045 	662 	
738 	1008 	720 	1045 	662 	

Output in the output buffer 
753 	584 	601 	970 	630 	
753 	584 	601 	970 	630 	
753 	584 	601 	970 	630 	
753 	584 	601 	970 	630 	
753 	584 	601 	970 	630 	

Output in the output buffer 
447 	841 	913 	859 	1012 	
447 	841 	913 	859 	1012 	
447 	841 	913 	859 	1012 	
447 	841 	913 	859 	1012 	
447 	841 	913 	859 	1012 	

Output in the output buffer 
652 	785 	505 	858 	685 	
652 	785 	505 	858 	685 	
652 	785 	505 	858 	685 	
652 	785 	505 	858 	685 	
652 	785 	505 	858 	685 	

Output in the output buffer 
990 	1010 	821 	874 	544 	
990 	1010 	821 	874 	544 	
990 	1010 	821 	874 	544 	
990 	1010 	821 	874 	544 	
990 	1010 	821 	874 	544 	

Output in the output buffer 
901 	1017 	604 	732 	378 	
901 	1017 	604 	732 	378 	
901 	1017 	604 	732 	378 	
901 	1017 	604 	732 	378 	
901 	1017 	604 	732 	378 	

Output in the output buffer 
556 	248 	698 	624 	514 	
556 	248 	698 	624 	514 	
556 	248 	698 	624 	514 	
556 	248 	698 	624 	514 	
556 	248 	698 	624 	514 	

Output in the output buffer 
617 	460 	435 	674 	680 	
617 	460 	435 	674 	680 	
617 	460 	435 	674 	680 	
617 	460 	435 	674 	680 	
617 	460 	435 	674 	680 	
