
Output in the output_buffer 
574 	734 	869 	797 	637 	
574 	734 	869 	797 	637 	
574 	734 	869 	797 	637 	
574 	734 	869 	797 	637 	
574 	734 	869 	797 	637 	
Run Time: 1e-06sec 

Output in the output_buffer 
833 	574 	757 	764 	974 	
833 	574 	757 	764 	974 	
833 	574 	757 	764 	974 	
833 	574 	757 	764 	974 	
833 	574 	757 	764 	974 	
Run Time: 1e-06sec 

Output in the output_buffer 
801 	838 	766 	1077 	716 	
801 	838 	766 	1077 	716 	
801 	838 	766 	1077 	716 	
801 	838 	766 	1077 	716 	
801 	838 	766 	1077 	716 	
Run Time: 1e-06sec 

Output in the output_buffer 
838 	672 	818 	1005 	675 	
838 	672 	818 	1005 	675 	
838 	672 	818 	1005 	675 	
838 	672 	818 	1005 	675 	
838 	672 	818 	1005 	675 	
Run Time: 1e-06sec 

Output in the output_buffer 
976 	631 	930 	845 	387 	
976 	631 	930 	845 	387 	
976 	631 	930 	845 	387 	
976 	631 	930 	845 	387 	
976 	631 	930 	845 	387 	
Run Time: 1e-06sec 

Output in the output_buffer 
947 	542 	455 	658 	409 	
947 	542 	455 	658 	409 	
947 	542 	455 	658 	409 	
947 	542 	455 	658 	409 	
947 	542 	455 	658 	409 	
Run Time: 1e-06sec 

Output in the output_buffer 
1092 	1046 	927 	1229 	744 	
1092 	1046 	927 	1229 	744 	
1092 	1046 	927 	1229 	744 	
1092 	1046 	927 	1229 	744 	
1092 	1046 	927 	1229 	744 	
Run Time: 1e-06sec 

Output in the output_buffer 
495 	637 	694 	569 	489 	
495 	637 	694 	569 	489 	
495 	637 	694 	569 	489 	
495 	637 	694 	569 	489 	
495 	637 	694 	569 	489 	
Run Time: 1e-06sec 

Output in the output_buffer 
537 	961 	811 	938 	649 	
537 	961 	811 	938 	649 	
537 	961 	811 	938 	649 	
537 	961 	811 	938 	649 	
537 	961 	811 	938 	649 	
Run Time: 0sec 

Output in the output_buffer 
498 	492 	942 	402 	557 	
498 	492 	942 	402 	557 	
498 	492 	942 	402 	557 	
498 	492 	942 	402 	557 	
498 	492 	942 	402 	557 	
Run Time: 1e-06sec 
