
Output in the output_buffer 
615 	722 	677 	957 	831 	
615 	722 	677 	957 	831 	
615 	722 	677 	957 	831 	
615 	722 	677 	957 	831 	
615 	722 	677 	957 	831 	

Output in the output_buffer 
1113 	409 	829 	770 	998 	
1113 	409 	829 	770 	998 	
1113 	409 	829 	770 	998 	
1113 	409 	829 	770 	998 	
1113 	409 	829 	770 	998 	

Output in the output_buffer 
1134 	610 	786 	774 	552 	
1134 	610 	786 	774 	552 	
1134 	610 	786 	774 	552 	
1134 	610 	786 	774 	552 	
1134 	610 	786 	774 	552 	

Output in the output_buffer 
586 	539 	699 	620 	517 	
586 	539 	699 	620 	517 	
586 	539 	699 	620 	517 	
586 	539 	699 	620 	517 	
586 	539 	699 	620 	517 	

Output in the output_buffer 
689 	571 	773 	852 	985 	
689 	571 	773 	852 	985 	
689 	571 	773 	852 	985 	
689 	571 	773 	852 	985 	
689 	571 	773 	852 	985 	

Output in the output_buffer 
1126 	962 	416 	899 	637 	
1126 	962 	416 	899 	637 	
1126 	962 	416 	899 	637 	
1126 	962 	416 	899 	637 	
1126 	962 	416 	899 	637 	

Output in the output_buffer 
854 	394 	1179 	664 	976 	
854 	394 	1179 	664 	976 	
854 	394 	1179 	664 	976 	
854 	394 	1179 	664 	976 	
854 	394 	1179 	664 	976 	

Output in the output_buffer 
618 	947 	455 	895 	811 	
618 	947 	455 	895 	811 	
618 	947 	455 	895 	811 	
618 	947 	455 	895 	811 	
618 	947 	455 	895 	811 	

Output in the output_buffer 
329 	587 	926 	536 	760 	
329 	587 	926 	536 	760 	
329 	587 	926 	536 	760 	
329 	587 	926 	536 	760 	
329 	587 	926 	536 	760 	

Output in the output_buffer 
915 	1127 	809 	464 	437 	
915 	1127 	809 	464 	437 	
915 	1127 	809 	464 	437 	
915 	1127 	809 	464 	437 	
915 	1127 	809 	464 	437 	
